col1,ID_1,x_1,y_1,RA_1,DEC_1,Cat_1,Iso_1,ID_2,x_2,y_2,RA_2,DEC_2,F275W_1,F275W_err_1,F336W_1,F336W_err,F438W_1,F438W_err,F555W_1,F555W_err_1,F814W_1,F814W_err_1,CI,bst_age,max_age,min_age,bst_mass,max_mass,min_mass,bst_E,max_E,min_E,chi2_F275W,chi2_F336W,chi2_F438W,chi2_F555W,chi2_F814W,red_chi2,Q_prob,Num_filtr,fnl_class,fnl_class_vis,Cat_2,iso_2,Separation_1,ID_src,x,y,RA,DEC,F275W_2,F275W_err_2,F336W_2,F336_err,F438W_2,F438_err,F547M,F547M_err,rw_F547M,rw_F547M_err,F555W_2,F555W_err_2,rw_F657N,rw_F657N_err,F814W_2,F814W_err_2,rw_F814W,rw_F814W_err,Separation
0,81,3723.3309999999997,6327.0,359.42026,-32.56289,3,true,81,3723.331,6327.0,359.42026,-32.56289,19.888,0.07,20.353,0.067,21.655,0.065,21.687,0.054,21.745,0.062,1.591,4000000.0,5000000.0,4000000.0,194.9,282.8,187.9,0.01,0.03,0.0,-0.01142,0.01108,-0.00432,0.01968,-0.02092,0.10164,0.9591,5,3.0,2.667,3,1,4.547473508864641E-13,81.0,3723.331,6327.0,359.42,-32.563,20.772,0.013,21.193,0.021,22.47,0.019,22.557,0.025,22.486,0.02,22.516,0.016,22.554,0.124,22.633,0.028,22.615,0.015,0.8460013331510237
4,331,2623.0,5236.0,359.43462999999997,-32.5749,3,true,331,2623.0,5236.0,359.43463,-32.5749,20.687,0.075,21.002,0.07,21.975,0.067,22.04,0.058,22.024,0.072,1.868,6000000.0,6000000.0,6000000.0,144.5,155.4,144.5,0.0,0.02,0.0,-0.04117,0.08653,0.02553,-0.01847,-0.03827,0.75408,0.5198,5,3.0,2.667,3,1,0.0,329.0,2562.0,5242.0,359.435,-32.575,24.64,0.364,99.999,99.999,25.135,0.139,23.555,0.099,23.262,0.034,23.792,0.042,22.283,0.098,22.073,0.018,21.923,0.011,1.1725741182506866
5,383,2201.0,5129.543,359.44016,-32.57607,1,true,383,2201.0,5129.543,359.44016,-32.57607,18.949,0.07,19.401,0.065,20.876,0.063,20.996,0.054,21.062,0.065,1.574,3000000.0,3000000.0,3000000.0,453.4,487.9,404.5,0.08,0.1,0.05,0.02555,-0.00745,-1.5E-4,-0.02305,0.02155,0.14574,0.93245,5,2.0,2.333,1,1,0.0,382.0,2201.0,5137.0,359.44,-32.576,20.658,0.012,21.153,0.032,22.586,0.02,22.657,0.036,22.406,0.019,22.553,0.042,20.023,0.015,22.297,0.049,21.912,0.01,0.5399796695213064
6,398,2693.115,5115.833,359.43372,-32.576229999999995,3,true,398,2693.115,5115.833,359.43372,-32.57623,20.248,0.071,20.648,0.068,21.718,0.065,21.793,0.054,21.533,0.061,1.443,5000000.0,5000000.0,4000000.0,369.8,411.5,254.2,0.13,0.16,0.11,0.01035,-0.03545,0.08035,-0.05435,0.03555,1.03843,0.37419,5,1.0,2.0,3,1,0.0,392.0,2640.206,5128.427,359.434,-32.576,21.671,0.026,22.255,0.052,23.46,0.042,23.557,0.067,23.038,0.029,23.597,0.044,22.482,0.116,23.289,0.059,22.592,0.015,1.1651551233537203
7,408,2812.455,5088.641,359.43216,-32.57652,3,true,408,2812.455,5088.641,359.43216,-32.57652,18.531,0.069,19.006,0.064,20.336,0.062,20.448,0.052,20.473,0.058,1.483,4000000.0,5000000.0,3000000.0,620.7,899.5,620.7,0.0,0.14,0.0,0.02359,0.04949,0.01499,-0.03151,-0.02511,0.43774,0.726,5,2.0,1.667,3,1,0.0,408.0,2812.455,5088.641,359.432,-32.577,19.415,0.006,19.846,0.009,21.151,0.01,21.294,0.013,21.134,0.009,21.277,0.01,20.951,0.031,21.361,0.014,21.11,0.007,1.7882113923070235
8,409,3002.545,5087.517,359.42969,-32.57653,3,true,409,3002.545,5087.517,359.42969,-32.57653,21.008,0.077,21.443,0.076,22.346,0.069,21.814,0.054,20.58,0.057,1.529,8000000.0,8000000.0,8000000.0,470.2,520.5,438.2,0.17,0.2,0.15,0.07274,-0.06096,-0.01316,-0.03446,0.05464,0.94889,0.41588,5,2.0,2.667,3,1,0.0,409.0,3002.545,5087.517,359.43,-32.577,21.892,0.033,22.283,0.042,23.161,0.031,22.56,0.03,22.376,0.019,22.643,0.015,21.617,0.054,21.468,0.011,21.34,0.008,1.9240245325142413
11,451,5536.446,5004.405,359.39658,-32.57745,1,true,451,5536.446,5004.405,359.39658,-32.57745,22.437,0.138,21.883,0.088,23.206,0.09,21.954,0.056,21.814,0.065,2.0,3000000.0,3000000.0,3000000.0,731.5,802.8,663.2,0.69,0.72,0.66,-0.10681,0.10329,-0.28231,0.48699,-0.11941,22.54031,0.0,5,3.0,3.0,1,1,0.0,451.0,5536.446,5004.405,359.397,-32.577,23.321,0.119,22.723,0.061,24.021,0.066,24.326,0.126,24.31,0.075,22.783,0.022,19.858,0.013,22.702,0.034,22.547,0.015,2.067922874759932
12,460,2147.0,4988.0,359.44086,-32.57763,3,true,460,2147.0,4988.0,359.44086,-32.57763,19.459,0.07,19.792,0.065,21.102,0.063,21.146,0.053,21.091,0.059,1.411,3000000.0,5000000.0,3000000.0,544.8,585.1,348.5,0.19,0.21,0.03,0.02197,-0.03573,0.03867,-0.01223,-9.3E-4,0.2755,0.84312,5,2.0,2.25,3,1,0.0,460.0,2147.0,4988.0,359.441,-32.578,20.343,0.01,20.632,0.012,21.917,0.015,21.993,0.018,21.827,0.014,21.975,0.011,21.599,0.054,21.979,0.019,21.699,0.009,1.4040962132461676
14,486,4282.727,4928.208,359.41296,-32.57829,3,true,486,4282.727,4928.208,359.41296,-32.57829,18.995,0.07,19.324,0.064,20.724,0.062,20.961,0.052,20.786,0.057,1.522,2000000.0,2000000.0,1000000.0,788.2,850.5,732.6,0.12,0.14,0.09,-0.00468,-0.02168,0.13172,-0.06348,0.01142,1.9147,0.12475,5,1.0,1.0,3,1,0.0,486.0,4282.727,4928.208,359.413,-32.578,19.879,0.007,20.164,0.009,21.539,0.01,21.643,0.014,21.595,0.012,21.79,0.008,21.515,0.05,21.674,0.011,21.614,0.009,1.052368216174411
15,513,2048.217,4867.723,359.44214,-32.57895,3,true,513,2048.217,4867.723,359.44214,-32.57895,19.069,0.07,19.373,0.064,20.173,0.062,20.036,0.052,19.727,0.056,1.537,6000000.0,2.0E7,6000000.0,1438.0,4644.0,1337.0,0.15,0.18,0.0,0.04412,-0.01298,-0.03628,-0.02188,0.04332,0.51095,0.67471,5,1.0,1.0,3,1,0.0,506.0,2056.0,4877.469,359.442,-32.579,23.294,0.18,23.445,0.139,24.736,0.256,23.89,0.107,23.119,0.031,23.578,0.069,22.427,0.111,22.473,0.046,21.928,0.011,0.4985710730509532
16,517,3741.0,4867.818,359.42004,-32.57895,3,true,517,3741.0,4867.818,359.42004,-32.57895,19.466,0.07,19.971,0.065,21.55,0.065,22.021,0.055,22.044,0.068,1.598,2000000.0,3000000.0,2000000.0,220.9,220.9,160.2,0.0,0.0,0.0,0.13271,0.09961,0.17961,-0.13799,-0.08649,6.90789,1.2E-4,5,2.0,2.0,3,1,0.0,517.0,3741.0,4867.818,359.42,-32.579,20.35,0.01,20.811,0.013,22.365,0.019,22.59,0.035,22.404,0.019,22.85,0.02,22.231,0.093,22.932,0.038,22.537,0.015,0.19252384574388215
18,537,5581.844,4832.948,359.39599999999996,-32.57933,3,true,537,5581.844,4832.948,359.396,-32.57933,20.103,0.071,20.511,0.066,21.844,0.065,21.882,0.053,21.736,0.063,1.404,5000000.0,5000000.0,3000000.0,265.3,295.2,182.3,0.05,0.2,0.02,0.00179,0.05279,-0.02231,-0.04361,0.04349,0.63102,0.5949,5,1.0,2.0,3,1,0.0,537.0,5581.844,4832.948,359.396,-32.579,20.987,0.018,21.351,0.017,22.659,0.021,22.587,0.03,22.614,0.022,22.711,0.013,22.534,0.122,22.624,0.029,22.563,0.015,1.1932224148090518
22,559,3336.994,4798.0,359.42532,-32.57972,3,true,559,3336.994,4798.0,359.42532,-32.57972,19.5,0.07,19.677,0.065,20.291,0.063,20.171,0.052,19.812,0.057,1.615,6000000.0,2.0E7,6000000.0,1604.0,4997.0,1437.0,0.23,0.25,0.12,0.00567,-0.02653,0.06387,-0.01543,-0.01133,0.42525,0.7349,5,2.0,2.333,3,1,0.0,558.0,3343.51,4792.0,359.425,-32.58,22.477,0.047,22.386,0.061,22.701,0.039,22.512,0.032,22.393,0.019,22.506,0.025,21.965,0.074,21.932,0.024,21.732,0.01,1.4300221880604123
27,718,4861.064,4555.0,359.4054,-32.5824,3,true,718,4861.064,4555.0,359.4054,-32.5824,20.059,0.071,20.516,0.066,21.826,0.065,21.777,0.054,21.792,0.066,1.551,4000000.0,5000000.0,4000000.0,194.4,282.6,173.5,0.04,0.06,0.01,0.01376,0.00436,-0.04604,0.03046,-0.00894,0.29759,0.82717,5,3.0,3.0,3,1,0.0,674.0,4869.597,4613.175,359.405,-32.582,23.534,0.117,23.196,0.092,23.3,0.035,23.228,0.055,23.046,0.029,23.045,0.026,23.008,0.186,22.839,0.034,22.651,0.015,1.8834238950643427
28,740,1775.6660000000002,4533.577,359.44571,-32.58263,3,true,740,1775.666,4533.577,359.44571,-32.58263,19.665,0.07,19.767,0.065,20.496,0.063,20.378,0.052,20.022,0.057,1.41,6000000.0,2.0E7,6000000.0,1264.0,3939.0,1175.0,0.21,0.23,0.11,-0.02822,0.03998,0.03338,-0.02872,1.8E-4,0.37231,0.77299,5,2.0,2.0,3,1,2.2737367544323206E-13,740.0,1775.666,4533.577,359.446,-32.583,20.549,0.013,20.607,0.015,21.311,0.011,21.226,0.015,21.092,0.009,21.207,0.009,20.8,0.028,20.91,0.012,20.732,0.006,1.6213009766642712
31,751,1423.9379999999999,4519.204000000001,359.45029,-32.58279,3,true,751,1423.938,4519.204,359.45029,-32.58279,20.278,0.073,20.812,0.069,22.179,0.069,21.846,0.054,20.303,0.057,1.691,9000000.0,9000000.0,9000000.0,755.3,838.0,703.0,0.12,0.15,0.1,0.14366,-0.00314,-0.14584,-0.03294,0.10456,3.98617,0.00753,5,3.0,3.333,3,1,9.374856803373542E-13,748.0,1481.0,4521.494,359.45,-32.583,20.623,0.011,20.939,0.015,21.969,0.015,22.015,0.022,21.762,0.013,22.038,0.014,21.502,0.049,22.046,0.026,21.532,0.009,1.1325227508944242
32,795,4227.477,4467.1990000000005,359.4137,-32.58336,3,true,795,4227.477,4467.199,359.4137,-32.58336,20.314,0.072,20.483,0.066,21.072,0.063,21.055,0.052,20.931,0.058,1.733,6000000.0,6000000.0,6000000.0,543.5,582.9,505.4,0.16,0.18,0.14,-0.08042,-0.01532,0.16338,0.04818,-0.08552,3.45652,0.01567,5,2.0,2.667,3,1,9.094947017729282E-13,737.0,4195.69,4537.404,359.414,-32.583,99.999,99.999,99.999,99.999,99.999,99.999,25.009,0.273,25.088,0.143,25.859,0.213,24.068,0.488,22.432,0.022,22.317,0.013,1.5856071673723522
34,861,3333.0,4381.6990000000005,359.42535,-32.5843,3,true,861,3333.0,4381.699,359.42535,-32.5843,19.982,0.072,20.469,0.068,21.877,0.069,21.938,0.055,22.038,0.066,1.505,3000000.0,3000000.0,3000000.0,194.8,217.1,180.6,0.1,0.13,0.08,0.03851,-0.05589,7.1E-4,0.01791,4.1E-4,0.36397,0.77903,5,1.0,1.0,3,1,9.094947017729282E-13,816.0,3396.0,4452.083,359.425,-32.584,99.999,99.999,24.827,0.367,24.956,0.214,23.774,0.079,23.211,0.033,24.068,0.074,22.529,0.121,22.574,0.046,22.209,0.012,1.5415591507623208
38,974,3369.0,4199.248,359.4249,-32.58631,3,true,974,3369.0,4199.248,359.4249,-32.58631,20.436,0.072,20.709,0.067,21.325,0.064,21.258,0.053,21.029,0.058,1.859,6000000.0,2.0E7,6000000.0,480.0,1442.0,446.4,0.17,0.19,0.08,-0.00353,-0.05533,0.08727,0.01258,-0.03002,0.92263,0.42881,5,2.0,2.0,3,0,0.0,951.0,3389.0,4248.0,359.425,-32.586,28.9,24.85,99.999,99.999,26.474,0.885,25.093,0.359,23.79,0.05,24.1,0.065,22.632,0.133,22.781,0.026,22.351,0.013,1.1524630005366954
40,1027,3285.0440000000003,4119.383,359.42599,-32.58719,3,true,1027,3285.044,4119.383,359.42599,-32.58719,21.757,0.084,21.875,0.085,22.16,0.073,21.636,0.054,20.558,0.058,1.75,7000000.0,7000000.0,7000000.0,631.2,696.1,569.6,0.38,0.41,0.35,0.05836,-0.09864,0.10026,-0.03684,0.01696,1.40663,0.23868,5,2.0,2.333,3,1,4.547473508864641E-13,998.0,3305.0,4171.0,359.426,-32.587,23.468,0.098,22.878,0.068,23.207,0.033,23.115,0.043,22.756,0.024,23.118,0.026,22.37,0.105,22.535,0.026,22.168,0.012,0.6776792865942696
43,1133,4414.959,4014.0,359.41122,-32.58835,3,true,1133,4414.959,4014.0,359.41122,-32.58835,19.841,0.07,20.204,0.065,21.36,0.063,21.449,0.053,21.421,0.06,1.595,4000000.0,5000000.0,4000000.0,297.1,415.4,265.7,0.07,0.09,0.04,-0.03556,0.00944,0.08604,-0.00396,-0.04216,0.84343,0.46984,5,1.0,1.333,3,1,0.0,1133.0,4414.959,4014.0,359.411,-32.588,20.725,0.013,21.044,0.016,22.175,0.015,22.291,0.023,22.239,0.017,22.278,0.012,22.03,0.078,22.309,0.021,22.191,0.012,1.4068217255165814
46,1156,2722.6929999999998,3998.673,359.43335,-32.58852,3,true,1156,2722.693,3998.673,359.43335,-32.58852,18.777,0.07,19.231,0.064,20.799,0.062,21.007,0.052,20.933,0.058,1.579,2000000.0,2000000.0,1000000.0,586.3,656.2,544.5,0.04,0.06,0.01,0.01989,-0.01591,0.03989,-0.05191,0.03839,0.66979,0.57047,5,2.0,2.25,3,1,4.547473508864641E-13,1156.0,2722.693,3998.673,359.433,-32.589,19.661,0.007,20.071,0.008,21.614,0.01,21.728,0.015,21.595,0.012,21.836,0.009,21.382,0.045,21.821,0.016,21.569,0.009,2.0084635996166393
48,1207,3596.0,3942.0,359.42194,-32.58914,3,true,1207,3596.0,3942.0,359.42194,-32.58914,19.225,0.07,19.103,0.064,20.243,0.062,20.032,0.052,19.747,0.058,1.307,3000000.0,3000000.0,3000000.0,2991.0,3210.0,2780.0,0.43,0.45,0.41,-0.06422,0.02918,0.05938,0.03578,-0.05992,1.18344,0.3143,5,1.0,2.667,3,1,0.0,1196.0,3604.36,3955.592,359.422,-32.589,23.071,0.085,23.609,0.1,24.155,0.046,23.713,0.061,23.268,0.034,23.917,0.039,22.267,0.096,22.308,0.021,21.987,0.011,0.5305099998515398
49,1211,1920.0,3939.0,359.44382,-32.58917,3,true,1211,1920.0,3939.0,359.44382,-32.58917,19.614,0.071,20.137,0.066,21.709,0.069,21.732,0.058,21.739,0.076,1.422,2000000.0,2000000.0,1000000.0,293.9,342.2,271.7,0.06,0.09,0.03,0.0617,-0.0698,-0.0356,0.0391,0.0193,0.8945,0.44304,5,2.0,2.667,3,1,0.0,1198.0,1929.0,3954.0,359.444,-32.589,22.889,0.079,23.182,0.09,23.992,0.07,23.75,0.092,22.657,0.023,23.564,0.042,21.833,0.066,23.15,0.085,21.953,0.011,0.8187527661467833
50,1229,1552.4479999999999,3918.461,359.44864,-32.5894,3,true,1229,1552.448,3918.461,359.44864,-32.5894,19.264,0.07,19.513,0.064,20.704,0.063,20.728,0.053,20.534,0.062,1.417,4000000.0,5000000.0,3000000.0,715.8,1115.0,639.8,0.13,0.29,0.1,-0.0281,0.0523,0.0399,-0.0422,0.0019,0.61619,0.60442,5,2.0,2.667,3,1,2.2737367544323206E-13,1206.0,1509.938,3954.654,359.449,-32.589,22.858,0.064,23.079,0.074,24.003,0.069,23.868,0.1,22.787,0.025,23.705,0.061,21.907,0.07,22.952,0.059,21.846,0.01,1.8146314725891561
51,1252,1108.336,3888.341,359.45444,-32.589729999999996,1,true,1252,1108.336,3888.341,359.45444,-32.58973,19.692,0.071,19.908,0.068,21.431,0.065,20.963,0.053,20.705,0.066,1.55,1000000.0,2000000.0,1000000.0,1294.0,1443.0,1108.0,0.3,0.34,0.28,0.13544,-0.06686,-0.16446,0.13534,0.01094,5.83264,5.6E-4,5,1.0,1.333,1,1,0.0,1252.0,1108.336,3888.341,359.454,-32.59,20.576,0.018,20.748,0.024,22.246,0.021,22.268,0.045,21.67,0.013,21.792,0.014,18.669,0.006,21.593,0.035,20.786,0.006,1.6269231735570733
52,1275,1398.759,3869.341,359.45062,-32.589940000000006,3,true,1275,1398.759,3869.341,359.45062,-32.58994,18.986,0.07,19.521,0.064,21.002,0.063,21.096,0.053,21.11,0.065,1.547,3000000.0,3000000.0,1000000.0,416.3,595.2,371.5,0.08,0.11,0.04,0.08114,-0.03486,-0.03356,-0.03046,0.06614,1.05352,0.36753,5,2.0,2.0,3,1,0.0,1251.0,1355.0,3890.454,359.451,-32.59,22.383,0.064,22.85,0.097,24.018,0.124,24.685,0.295,22.401,0.019,24.1,0.155,21.697,0.058,22.851,0.118,21.417,0.008,1.1393091337586914
53,1381,3858.0,3765.6,359.41852,-32.59108,1,true,1381,3858.0,3765.6,359.41852,-32.59108,21.769,0.087,21.793,0.084,23.266,0.09,22.019,0.056,22.496,0.07,1.791,3000000.0,3000000.0,3000000.0,248.7,275.8,222.9,0.42,0.45,0.39,0.02891,-0.01129,-0.30519,0.71681,-0.12689,35.64476,0.0,5,2.0,2.333,1,1,0.0,1381.0,3858.0,3765.6,359.419,-32.591,22.653,0.053,22.633,0.055,24.081,0.066,22.564,0.032,22.534,0.021,22.848,0.023,20.271,0.018,23.384,0.043,22.837,0.017,1.5032816373946303
54,1465,5147.36,3695.607,359.40167,-32.59185,3,true,1465,5147.36,3695.607,359.40167,-32.59185,23.108,0.184,22.69,0.111,23.112,0.087,22.512,0.063,21.703,0.064,2.098,6000000.0,6000000.0,6000000.0,518.7,583.3,472.8,0.59,0.63,0.56,-0.098,0.0225,-0.0213,0.0325,-0.0136,0.23868,0.86942,5,3.0,3.0,3,1,0.0,1465.0,5147.36,3695.607,359.402,-32.592,23.992,0.17,23.53,0.091,23.927,0.062,23.385,0.065,22.887,0.026,23.341,0.036,22.395,0.108,22.591,0.032,22.222,0.012,1.1572800199063082
56,1470,3885.5559999999996,3686.0,359.41815,-32.59196,3,true,1470,3885.556,3686.0,359.41815,-32.59196,18.449,0.07,18.876,0.064,20.255,0.062,20.113,0.052,18.516,0.056,1.445,9000000.0,9000000.0,9000000.0,3650.0,3916.0,3272.0,0.09,0.11,0.06,0.06978,0.06898,-0.05852,-0.10712,0.12798,4.09909,0.00643,5,1.0,1.667,3,1,4.547473508864641E-13,1441.0,3901.939,3719.68,359.418,-32.592,23.612,0.177,23.705,0.152,24.592,0.116,24.475,0.161,23.99,0.058,24.471,0.06,23.693,0.347,23.295,0.043,22.868,0.017,0.47831606573906066
59,1529,4973.539000000001,3634.29,359.40393,-32.59253,3,true,1529,4973.539,3634.29,359.40393,-32.59253,18.83,0.07,19.345,0.064,20.688,0.062,20.83,0.052,20.981,0.057,1.774,3000000.0,3000000.0,3000000.0,507.9,545.4,471.8,0.08,0.1,0.06,0.02137,-0.07463,0.06467,0.01977,-0.02063,0.94969,0.41549,5,2.0,2.0,3,1,9.094947017729282E-13,1529.0,4973.539,3634.29,359.404,-32.593,19.714,0.008,20.185,0.009,21.503,0.009,21.674,0.015,21.636,0.012,21.659,0.009,21.593,0.053,21.869,0.013,21.854,0.01,1.6969668887823834
64,1564,3545.0,3602.362,359.42261,-32.59288,1,true,1564,3545.0,3602.362,359.42261,-32.59288,20.102,0.072,20.184,0.067,21.528,0.065,20.803,0.054,20.429,0.058,1.717,1000000.0,2000000.0,1000000.0,2298.0,2465.0,1974.0,0.47,0.51,0.44,0.18148,-0.10112,-0.16862,0.23048,-0.02762,10.26163,0.0,5,2.0,2.333,1,1,0.0,1560.0,3521.0,3609.852,359.423,-32.593,20.209,0.008,20.556,0.011,22.0,0.012,22.16,0.021,22.009,0.015,22.12,0.013,20.699,0.025,22.203,0.02,21.89,0.01,1.2693248955071823
65,1576,1200.34,3595.0,359.45322000000004,-32.59296,1,false,1576,1200.34,3595.0,359.45322,-32.59296,18.73,0.069,19.237,0.064,20.8,0.063,20.734,0.054,20.746,0.073,1.429,2000000.0,3000000.0,1000000.0,781.6,945.2,586.8,0.09,0.12,0.06,0.07672,-0.07868,-0.06188,0.07392,0.00542,1.85201,0.13532,5,1.0,1.0,1,1,0.0,1538.0,1224.301,3627.0,359.453,-32.593,25.916,1.009,25.173,0.503,25.572,0.241,24.298,0.248,22.606,0.022,24.623,0.164,21.608,0.054,22.988,0.076,21.429,0.008,0.6728225584876912
66,1579,1607.0,3594.8190000000004,359.44791000000004,-32.59296,3,true,1579,1607.0,3594.819,359.44791,-32.59296,20.748,0.073,21.012,0.068,21.955,0.066,21.801,0.053,21.087,0.059,1.507,1.4E7,1.4E7,1.4E7,626.4,671.9,582.7,0.04,0.06,0.02,-0.03336,0.07784,0.02544,-0.05086,0.01864,0.88131,0.44984,5,1.0,2.0,3,1,4.547473508864641E-13,1579.0,1607.0,3594.819,359.448,-32.593,21.632,0.022,21.852,0.025,22.77,0.023,22.731,0.042,22.152,0.017,22.63,0.014,21.617,0.054,21.975,0.018,21.398,0.008,0.300884303050874
67,1584,1345.0,3585.0,359.45132,-32.593070000000004,3,true,1584,1345.0,3585.0,359.45132,-32.59307,19.454,0.07,20.005,0.066,21.478,0.065,21.614,0.055,22.069,0.086,1.506,3000000.0,3000000.0,3000000.0,182.8,197.2,182.8,0.0,0.02,0.0,-0.00848,-0.03408,0.04642,0.08302,-0.14928,2.11752,0.09566,5,3.0,2.667,3,1,0.0,1561.0,1336.363,3609.0,359.451,-32.593,26.666,1.999,99.999,99.999,26.05,0.432,24.391,0.168,22.544,0.021,24.527,0.106,21.837,0.066,22.256,0.047,21.288,0.008,1.0370893970420363
69,1597,5467.0,3574.0,359.39749,-32.59319,3,true,1597,5467.0,3574.0,359.39749,-32.59319,20.157,0.071,20.666,0.067,21.854,0.065,21.458,0.053,20.146,0.056,1.501,9000000.0,1.0E7,9000000.0,1017.0,1316.0,946.1,0.14,0.17,0.12,0.07031,-0.07739,-0.05929,0.09701,-0.02559,2.17039,0.08922,5,3.0,3.0,3,1,0.0,1531.0,5538.604,3633.477,359.397,-32.593,21.835,0.027,22.342,0.043,23.334,0.04,23.331,0.064,23.245,0.033,23.29,0.023,23.096,0.202,22.67,0.031,22.596,0.015,1.62957680068571
70,1628,1505.931,3555.0,359.44925,-32.5934,3,true,1628,1505.931,3555.0,359.44925,-32.5934,19.234,0.07,19.534,0.064,20.91,0.063,21.033,0.053,20.832,0.059,1.45,2000000.0,2000000.0,1000000.0,834.8,901.0,746.9,0.17,0.19,0.14,0.01479,-0.03881,0.09449,-0.03321,-0.00511,0.96692,0.40718,5,1.0,1.0,3,1,0.0,1567.0,1561.772,3604.0,359.449,-32.593,24.589,0.261,25.275,0.489,25.956,0.334,24.561,0.157,22.944,0.027,25.52,0.253,22.22,0.092,22.693,0.04,21.654,0.009,1.625040769080415
72,1663,2132.663,3522.322,359.44104,-32.593759999999996,3,true,1663,2132.663,3522.322,359.44104,-32.59376,18.669,0.07,19.172,0.064,20.579,0.062,20.724,0.052,20.787,0.06,1.479,3000000.0,3000000.0,3000000.0,581.4,647.6,539.7,0.08,0.11,0.06,0.03549,-0.04851,0.02679,-0.02111,0.02649,0.46334,0.70788,5,1.0,1.333,3,1,0.0,1644.0,2130.655,3544.0,359.441,-32.594,26.38,1.502,99.999,99.999,25.255,0.246,24.459,0.189,22.957,0.027,24.4,0.113,22.174,0.088,22.957,0.072,21.829,0.01,0.8752674694985895
75,1686,4684.572,3505.937,359.40771,-32.59394,3,true,1686,4684.572,3505.937,359.40771,-32.59394,19.723,0.072,20.021,0.067,20.671,0.064,20.702,0.053,20.482,0.058,1.76,6000000.0,2.0E7,6000000.0,734.2,2289.0,658.0,0.13,0.15,0.02,-0.00782,-0.03312,0.11168,-0.02282,-0.01882,1.1033,0.34627,5,3.0,2.667,3,1,0.0,1665.0,4675.0,3521.0,359.408,-32.594,23.144,0.118,23.269,0.089,24.266,0.083,23.39,0.056,23.301,0.035,23.76,0.044,22.448,0.113,22.288,0.016,22.244,0.012,0.8764188578323543
81,1738,3561.086,3464.0,359.42239,-32.5944,3,true,1738,3561.086,3464.0,359.42239,-32.5944,20.027,0.07,20.434,0.065,21.917,0.066,21.915,0.054,21.834,0.063,1.45,2000000.0,3000000.0,1000000.0,309.4,359.3,233.4,0.13,0.16,0.1,0.04298,-0.06522,-0.00362,0.03088,-0.00272,0.58483,0.62489,5,2.0,1.667,3,1,0.0,1738.0,3561.086,3464.0,359.422,-32.594,20.911,0.013,21.275,0.016,22.732,0.023,22.855,0.035,22.652,0.023,22.744,0.015,21.979,0.075,22.722,0.03,22.421,0.014,1.8642945404830484
82,1798,2245.581,3414.0,359.43958,-32.59495,3,true,1798,2245.581,3414.0,359.43958,-32.59495,21.688,0.085,21.925,0.085,22.368,0.074,21.785,0.056,20.473,0.058,1.539,8000000.0,1.4E7,8000000.0,766.6,2162.0,716.1,0.35,0.45,0.33,0.00979,-0.15411,0.18759,0.04039,-0.04301,3.43357,0.01618,5,2.0,2.333,3,1,0.0,1776.0,2236.942,3453.0,359.44,-32.595,24.381,0.311,24.703,0.343,24.636,0.147,23.368,0.06,22.704,0.023,23.369,0.035,21.597,0.054,21.496,0.016,21.117,0.007,1.294464904522749
83,1806,2669.077,3406.623,359.43405,-32.595040000000004,3,true,1806,2669.077,3406.623,359.43405,-32.59504,17.69,0.069,18.096,0.064,19.315,0.062,19.298,0.052,18.761,0.056,1.599,2000000.0,2000000.0,2000000.0,6329.0,7036.0,5882.0,0.3,0.33,0.28,0.19037,-0.13693,0.03877,-0.07043,0.10427,5.69675,6.8E-4,5,1.0,1.333,3,0,0.0,1765.0,2708.778,3449.899,359.434,-32.595,23.5,0.151,24.389,0.323,25.739,0.393,25.825,0.718,23.463,0.039,24.678,0.145,22.372,0.105,22.702,0.087,22.086,0.011,0.22821092037678167
85,1825,1627.0,3392.552,359.44766,-32.59519,3,true,1825,1627.0,3392.552,359.44766,-32.59519,20.692,0.073,20.873,0.067,21.759,0.065,21.671,0.054,21.229,0.062,1.693,5000000.0,3.0E7,4000000.0,674.2,1304.0,446.8,0.3,0.32,0.0,5.4E-4,-0.04396,0.10234,-0.03226,0.00324,1.02537,0.38004,5,3.0,3.333,3,1,0.0,1761.0,1619.0,3453.527,359.448,-32.595,24.942,0.382,99.999,99.999,99.999,99.999,26.229,0.724,23.85,0.052,25.732,0.28,22.753,0.148,22.454,0.029,21.755,0.01,1.2300780945897223
87,1832,5281.459,3385.7140000000004,359.3999,-32.595259999999996,3,true,1832,5281.459,3385.714,359.3999,-32.59526,20.177,0.074,20.53,0.069,21.814,0.068,21.857,0.06,21.856,0.071,1.577,4000000.0,5000000.0,3000000.0,185.1,299.7,171.4,0.04,0.21,0.02,-0.0507,0.0439,0.0195,0.004,-0.0194,0.3473,0.79111,5,3.0,2.667,3,1,4.547473508864641E-13,1741.0,5273.0,3454.781,359.4,-32.595,23.289,0.359,22.912,0.138,24.121,0.192,22.869,0.07,22.4,0.019,22.729,0.042,21.447,0.047,20.89,0.011,20.764,0.006,0.9741625252122373
88,1868,2299.401,3343.563,359.43887,-32.595729999999996,3,true,1868,2299.401,3343.563,359.43887,-32.59573,19.635,0.07,20.144,0.065,21.614,0.067,21.668,0.054,21.693,0.064,1.7,3000000.0,3000000.0,2000000.0,257.8,353.2,230.2,0.1,0.12,0.07,0.08102,-0.03538,-0.04079,-0.01658,0.04091,0.80799,0.48919,5,3.0,2.667,3,1,0.0,1859.0,2252.0,3355.0,359.439,-32.596,21.439,0.023,22.0,0.032,23.376,0.04,23.545,0.074,22.748,0.024,23.572,0.054,22.242,0.094,23.712,0.095,22.378,0.013,1.0459700852127807
92,1949,3988.6890000000003,3272.492,359.41681,-32.596509999999995,1,true,1949,3988.689,3272.492,359.41681,-32.59651,18.928,0.07,19.381,0.064,20.97,0.063,20.707,0.052,20.962,0.058,1.608,3000000.0,3000000.0,3000000.0,560.6,602.0,501.6,0.12,0.14,0.09,0.07328,-0.01342,-0.15562,0.16668,-0.03382,5.76752,6.1E-4,5,1.0,1.0,1,1,4.547473508864641E-13,1949.0,3988.689,3272.492,359.417,-32.597,19.812,0.008,20.221,0.01,21.785,0.012,22.128,0.02,22.025,0.015,21.536,0.009,19.141,0.008,21.85,0.015,21.684,0.009,1.8489383388344778
93,1971,2139.675,3243.8720000000003,359.44095,-32.59682,3,true,1971,2139.675,3243.872,359.44095,-32.59682,20.672,0.075,20.925,0.07,21.412,0.064,21.168,0.053,20.678,0.059,1.775,9.0E7,1.0E8,1.5E7,4903.0,5517.0,1295.0,0.04,0.18,0.0,0.06824,-0.07046,-0.02476,0.03434,-0.00206,0.80671,0.4899,5,1.0,1.75,3,1,4.547473508864641E-13,1971.0,2139.675,3243.872,359.441,-32.597,21.556,0.03,21.765,0.029,22.227,0.018,21.956,0.026,21.698,0.013,21.997,0.014,21.231,0.039,21.566,0.019,21.162,0.007,0.6730994631032735
111,2131,2264.646,3132.296,359.43933,-32.59805,3,true,2131,2264.646,3132.296,359.43933,-32.59805,21.022,0.075,21.104,0.069,21.913,0.066,21.705,0.055,20.995,0.058,1.518,3.0E7,3.0E7,5000000.0,1744.0,1869.0,933.4,0.12,0.44,0.1,-0.00284,0.09476,-0.06574,-0.02794,0.03226,1.11675,0.34071,5,2.0,2.333,3,1,0.0,2131.0,2264.646,3132.296,359.439,-32.598,21.906,0.03,21.944,0.027,22.728,0.024,22.489,0.035,22.16,0.017,22.534,0.02,21.725,0.06,21.883,0.016,21.528,0.009,1.0310320290264494
123,2449,4443.0,2644.302,359.41086,-32.60342,1,true,2449,4443.0,2644.302,359.41086,-32.60342,19.669,0.074,19.841,0.071,21.19,0.071,20.889,0.057,20.473,0.059,1.473,2000000.0,2000000.0,1000000.0,1578.0,1830.0,1415.0,0.36,0.38,0.32,0.10146,-0.06804,-0.07524,0.04336,0.00956,1.49245,0.21432,5,3.0,2.667,1,1,0.0,2449.0,4443.0,2644.302,359.411,-32.603,20.553,0.026,20.682,0.031,22.005,0.035,21.951,0.037,21.654,0.012,21.718,0.024,19.201,0.009,21.361,0.019,21.049,0.007,1.5773923954173197
124,2469,3674.0640000000003,2637.0,359.4209,-32.6035,3,true,2469,3674.064,2637.0,359.4209,-32.6035,20.553,0.071,20.838,0.067,21.878,0.064,21.926,0.053,21.825,0.059,1.673,6000000.0,6000000.0,4000000.0,163.8,315.5,163.8,0.0,0.15,0.0,-0.04392,0.11378,-0.01422,-0.04122,0.02398,1.27919,0.27955,5,2.0,1.667,3,1,4.547473508864641E-13,2469.0,3674.064,2637.0,359.421,-32.603,21.437,0.017,21.679,0.021,22.693,0.017,22.739,0.035,22.597,0.022,22.755,0.014,22.497,0.118,22.713,0.02,22.561,0.015,1.8182910347778694
125,2470,3039.123,2636.657,359.4292,-32.60351,3,true,2470,3039.123,2636.657,359.4292,-32.60351,20.066,0.071,20.509,0.068,21.673,0.064,21.753,0.053,21.611,0.061,1.792,5000000.0,5000000.0,4000000.0,324.8,348.8,215.3,0.08,0.1,0.05,0.01198,-0.01142,0.05548,-0.03652,0.00488,0.42274,0.73669,5,3.0,3.0,3,1,0.0,2470.0,3039.123,2636.657,359.429,-32.604,20.95,0.018,21.349,0.023,22.488,0.018,22.614,0.033,22.41,0.019,22.582,0.013,22.049,0.079,22.499,0.024,22.166,0.012,1.8803325387282157
126,2542,3954.7,2489.0,359.41724,-32.605129999999996,3,true,2542,3954.7,2489.0,359.41724,-32.60513,19.721,0.07,20.18,0.066,21.562,0.063,21.633,0.053,21.36,0.061,1.595,2000000.0,2000000.0,2000000.0,485.2,521.4,433.9,0.17,0.19,0.14,0.11683,-0.09577,0.03153,-0.04417,0.05593,2.19,0.08694,5,3.0,3.0,3,1,0.0,2542.0,3954.7,2489.0,359.417,-32.605,20.605,0.011,21.02,0.017,22.377,0.015,22.387,0.024,22.34,0.019,22.462,0.014,21.922,0.071,22.248,0.024,22.125,0.012,0.8862093820042464
136,2707,3572.165,2008.0,359.42224,-32.61043,3,true,2707,3572.165,2008.0,359.42224,-32.61043,19.519,0.07,20.008,0.065,21.249,0.064,21.177,0.053,19.414,0.056,1.707,9000000.0,9000000.0,9000000.0,1566.0,1740.0,1456.0,0.12,0.15,0.1,0.11116,0.00936,-0.00734,-0.15544,0.20206,7.69755,4.0E-5,5,3.0,3.0,3,1,0.0,2707.0,3572.165,2008.0,359.422,-32.61,20.403,0.012,20.848,0.013,22.064,0.017,22.008,0.019,21.882,0.014,22.006,0.014,21.188,0.038,20.302,0.006,20.256,0.005,1.712367849496642
137,2732,3896.0,1912.774,359.418,-32.61148,1,true,2732,3896.0,1912.774,359.418,-32.61148,19.32,0.073,19.609,0.066,21.057,0.064,20.59,0.055,20.686,0.063,1.774,3000000.0,3000000.0,3000000.0,935.6,1042.0,868.3,0.27,0.3,0.25,0.08511,-0.03139,-0.16629,0.21811,-0.03399,7.52682,5.0E-5,5,2.0,2.333,1,1,0.0,2732.0,3896.0,1912.774,359.418,-32.611,20.204,0.022,20.449,0.019,21.872,0.016,22.006,0.021,21.851,0.014,21.419,0.019,18.974,0.007,21.574,0.029,21.342,0.008,1.7277817009945409
138,2740,3962.0,1859.0,359.41714,-32.61207,1,true,2740,3962.0,1859.0,359.41714,-32.61207,20.393,0.077,20.776,0.077,22.099,0.074,21.83,0.058,21.77,0.069,1.594,5000000.0,5000000.0,3000000.0,314.0,337.3,208.0,0.13,0.27,0.1,0.04285,0.01405,-0.12315,0.08615,-0.02395,1.866,0.13289,5,2.0,2.0,1,1,0.0,2737.0,3966.331,1871.416,359.417,-32.612,20.999,0.023,21.341,0.022,23.055,0.043,23.534,0.105,22.76,0.024,22.818,0.036,20.023,0.015,22.925,0.052,22.423,0.014,0.5150756633322041
139,2753,3573.5490000000004,1760.568,359.42221,-32.61315,3,true,2753,3573.549,1760.568,359.42221,-32.61315,20.379,0.071,20.649,0.067,21.651,0.064,21.667,0.054,21.652,0.06,1.99,6000000.0,6000000.0,6000000.0,206.2,221.3,198.8,0.01,0.03,0.0,-0.05514,0.10435,0.00535,7.5E-4,-0.03395,1.0591,0.36509,5,3.0,2.667,3,1,4.547473508864641E-13,2753.0,3573.549,1760.568,359.422,-32.613,21.263,0.017,21.489,0.02,22.466,0.018,22.529,0.023,22.405,0.019,22.496,0.015,22.26,0.095,22.54,0.021,22.424,0.014,0.8441310581249079
140,2767,3477.487,1586.386,359.42349,-32.61507,3,true,2767,3477.487,1586.386,359.42349,-32.61507,21.96,0.094,21.995,0.08,22.372,0.068,21.734,0.053,20.672,0.058,1.633,7000000.0,7000000.0,7000000.0,596.1,656.8,538.5,0.4,0.43,0.37,0.04424,-0.05446,0.03404,-0.00846,0.00164,0.32312,0.80867,5,3.0,3.0,3,1,0.0,2766.0,3481.842,1587.032,359.423,-32.615,23.904,0.198,23.623,0.127,23.173,0.033,22.68,0.035,22.638,0.022,22.688,0.013,22.037,0.078,21.746,0.014,21.716,0.009,1.493641314829699
141,2775,3345.84,1493.0,359.4252,-32.6161,3,true,2775,3345.84,1493.0,359.4252,-32.6161,19.553,0.07,20.26,0.068,21.519,0.064,21.546,0.053,21.418,0.058,1.415,5000000.0,5000000.0,4000000.0,326.9,363.6,241.6,0.02,0.05,0.0,0.13195,-0.07635,-0.05035,-0.03205,0.07875,2.4145,0.06453,5,1.0,2.0,3,1,0.0,2772.0,3355.592,1526.113,359.425,-32.616,21.371,0.022,22.753,0.055,24.045,0.071,23.541,0.058,23.455,0.039,23.4,0.027,22.512,0.119,22.178,0.017,22.119,0.012,0.7353545274082592
